True value:
beta=2.5, 3.0, 7.5
alpha=-8, 1.5
gamma=5.2, 1.6, -1.2
######################################################################
##################### 5% outlier #####################################

nlme package
        Est      rBias       rMSE      SE.em         SE Coverage
beta1 2.514102 0.56407165  0.2680764 0.08104774 0.08117082     0.97
beta2 3.000812 0.02706675  0.8040502 0.15609130 0.19170870     0.99
beta3 7.660391 2.13854526 14.6777143 1.04209547 1.07173013     0.93

Two-step method
             Est      rBias       rMSE      SE.em         SE Coverage
beta1   2.510980 0.43918181  0.1696610 0.06451822 0.05629470     0.88
beta2   2.997814 0.07286704  0.3577255 0.10409294 0.08248194     0.88
beta3   7.639026 1.85368308  6.0127244 0.66029228 0.50640429     0.89
alpha0 -7.618209 4.77238369 18.5093158 1.16123460 0.48725457     0.56
alpha1  1.493726 0.41824946  2.8438157 0.20748099 0.08632469     0.61
gamma1  5.188855 0.21432737  0.0371432 0.04272575 0.04242572     0.94
gamma2  1.601407 0.08791682  0.2785295 0.06707822 0.06328308     0.94
gamma3 -1.201625 0.13542952  0.3434552 0.06450136 0.06103080     0.96

Joint modeling
             Est       rBias        rMSE      SE.em         SE Coverage      SE.BT Coverage.bt
beta1   2.511939  0.47756915  0.16763920 0.06394785 0.05605168     0.87 0.07300247        1.00
beta2   2.998241  0.05863753  0.35599754 0.10384931 0.08328174     0.89 0.11112162        0.94
beta3   7.673123  2.30830237  6.01426557 0.65219014 0.51169146     0.90 0.71863004        0.95
alpha0 -7.185756 10.17804859 30.52758481 1.34059149 0.48193418     0.48 0.74513230        0.69
alpha1  1.416383  5.57445348  4.30515884 0.24117895 0.08534628     0.48 0.13292427        0.76
gamma1  5.187703  0.23647935  0.03819578 0.04305231 0.04251807     0.91 0.04265763        0.94
gamma2  1.605883  0.36771424  0.27392483 0.06627295 0.06007338     0.94 0.06052972        0.95
gamma3 -1.204773  0.39775814  0.32971985 0.06303643 0.05789968     0.95 0.05818466        0.95

######################################################################
##################### 2% outlier #####################################

nlme package
        Est     rBias       rMSE      SE.em         SE Coverage
beta1 2.505713 0.2285050  0.2186859 0.07409054 0.07308316     0.95
beta2 3.004894 0.1631434  0.4715722 0.11943982 0.16657040     0.99
beta3 7.674021 2.3202844 10.3606866 0.86851090 0.92544540     0.97

Two-step method
             Est     rBias        rMSE      SE.em         SE Coverage
beta1   2.503786 0.1514321  0.12479216 0.05600750 0.05378636     0.92
beta2   2.991900 0.2700031  0.24075065 0.08502470 0.07253281     0.88
beta3   7.563538 0.8471672  4.44609852 0.57684300 0.44446044     0.89
alpha0 -8.172120 2.1514969 31.57910045 1.58805606 0.48742995     0.50
alpha1  1.544718 2.9812295  5.37070988 0.28169923 0.08621974     0.50
gamma1  5.195820 0.0803769  0.04045799 0.04590665 0.04229326     0.93
gamma2  1.615918 0.9948828  0.22546530 0.05820599 0.06320017     0.97
gamma3 -1.214874 1.2395109  0.29024645 0.05739917 0.06095083     0.99

Joint modeling
             Est     rBias        rMSE      SE.em         SE Coverage      SE.BT Coverage.bt
beta1   2.504839 0.1935476  0.12659862 0.05633192 0.05345910     0.92 0.06702062        0.98
beta2   2.992735 0.2421520  0.24096309 0.08513874 0.07319452     0.88 0.09650605        0.96
beta3   7.612321 1.4976128  4.48594565 0.57192739 0.45117427     0.89 0.62749627        0.96
alpha0 -7.698657 3.7667925 29.77429043 1.52127518 0.48236838     0.49 0.75057327        0.71
alpha1  1.460173 2.6551470  4.91821269 0.27002990 0.08528828     0.52 0.13386098        0.72
gamma1  5.194482 0.1061140  0.04031599 0.04568208 0.04238033     0.93 0.04229985        0.91
gamma2  1.621336 1.3334944  0.23675376 0.05802158 0.05993138     0.95 0.05983866        0.94
gamma3 -1.218846 1.5705263  0.29769704 0.05700594 0.05775758     0.95 0.05757196        0.92
         