
Two-step method
$beta=2.5, 3.0, 7.5
          Est     rBias      rMSE      SE.em         SE Coverage
[1,] 2.480946 0.7621645 0.1607649 0.06061713 0.04707515    0.855
[2,] 2.978289 0.7236953 0.2537508 0.08471746 0.06610717    0.840
[3,] 7.446674 0.7110096 2.8912357 0.46376117 0.39334048    0.885

$alpha=-8, 1.5
           Est    rBias     rMSE     SE.em         SE Coverage
[1,] -8.584240 7.303000 9.112588 0.6241945 0.49501600     0.74
[2,]  1.583051 5.536716 1.311194 0.1132901 0.08654235     0.77

$gamma=5.2, 1.6, -1.2
           Est       rBias       rMSE      SE.em         SE Coverage
[1,]  5.199701 0.005749742 0.03838144 0.04478587 0.04231486    0.925
[2,]  1.598424 0.098525991 0.24831290 0.06317020 0.06328103    0.945
[3,] -1.199933 0.005544601 0.31329790 0.06146920 0.06102882    0.955

Joint Model
$beta=2.5, 3.0, 7.5
          Est     rBias      rMSE      SE.em         SE Coverage
[1,] 2.516604 0.6641575 0.1461172 0.05825985 0.04595564     0.89
[2,] 3.032466 1.0822107 0.2348700 0.07760251 0.06756194     0.88
[3,] 7.615783 1.5437715 2.6717994 0.43349611 0.38811081     0.91

$alpha=-8, 1.5
           Est    rBias      rMSE     SE.em         SE Coverage
[1,] -8.420409 5.255117 6.5422088 0.5902326 0.48997534    0.830
[2,]  1.554141 3.609428 0.9439397 0.1062272 0.08560619    0.855

$gamma=5.2, 1.6, -1.2
           Est     rBias       rMSE      SE.em         SE Coverage
[1,]  5.198052 0.0374640 0.03835574 0.04472926 0.04238001    0.930
[2,]  1.604181 0.2613237 0.25207405 0.06352859 0.05985491    0.935
[3,] -1.203497 0.2914426 0.31794726 0.06182433 0.05767471    0.935

