Two-step method
$beta=2.5, 3.0, 7.5
          Est      rBias      rMSE      SE.em         SE Coverage
[1,] 2.493192 0.27233756 0.1303045 0.05681016 0.05005119    0.900
[2,] 2.993317 0.22275780 0.1562656 0.06831282 0.06412974    0.915
[3,] 7.505523 0.07364031 1.9935096 0.38760016 0.38727636    0.945

$alpha=-8, 1.5
           Est     rBias      rMSE      SE.em         SE Coverage
[1,] -8.175646 2.1955759 3.4091171 0.49304491 0.49248109    0.935
[2,]  1.511943 0.7961884 0.5153423 0.08732486 0.08599873    0.945

$gamma=5.2, 1.6, -1.2
           Est      rBias       rMSE      SE.em         SE Coverage
[1,]  5.204599 0.08844017 0.03598323 0.04311931 0.04257872    0.940
[2,]  1.599388 0.03826223 0.25844607 0.06446348 0.06325124    0.955
[3,] -1.198601 0.11658631 0.30821496 0.06095243 0.06100009    0.965

Joint Model
$beta=2.5, 3.0, 7.5
          Est      rBias      rMSE      SE.em         SE Coverage
[1,] 2.535880 1.43520408 0.1984602 0.06076665 0.05095316    0.835
[2,] 2.992931 0.23563583 0.1613040 0.06937733 0.06430416    0.915
[3,] 7.506608 0.08810226 2.0656019 0.39453106 0.39014974    0.940

$alpha=-8, 1.5
           Est    rBias     rMSE     SE.em         SE Coverage
[1,] -8.081159 1.014492 8.615313 0.8282925 0.48699981    0.820
[2,]  1.496959 0.202704 1.447489 0.1476894 0.08499445    0.805

$gamma=5.2, 1.6, -1.2
           Est     rBias       rMSE      SE.em         SE Coverage
[1,]  5.203470 0.0667237 0.03559491 0.04298997 0.04266257     0.94
[2,]  1.604435 0.2771993 0.26142416 0.06468412 0.05995188     0.95
[3,] -1.202639 0.2199528 0.31010631 0.06109807 0.05777725     0.94
